5
16
20171702,20171704
20171704,20171705
20171703,20171700
20171704,20171706
20171705,20171700
20171706,20171702
20171700,20171704
20171704,20171701
20171706,20171701
20171705,20171706
20171702,20171705
20171700,20171702
20171701,20171700
20171701,20171702
20171705,20171701
20171707,20171708
2
timeout:3
7
20171703,20171704
20171701,20171704
20171701,20171703
20171700,20171704
20171702,20171701
20171700,20171702
20171703,20171702
1
timeout:2
12
20171705,20171703
20171703,20171700
20171700,20171701
20171705,20171701
20171700,20171704
20171702,20171701
20171702,20171703
20171704,20171703
20171704,20171705
20171701,20171703
20171702,20171700
20171707,20171708
2
timeout:2
14
20171701,20171707
20171704,20171700
20171704,20171703
20171704,20171705
20171703,20171701
20171705,20171701
20171701,20171704
20171701,20171700
20171706,20171705
20171704,20171706
20171707,20171702
20171703,20171705
20171703,20171700
20171702,20171703
1
timeout:2
31
20171702,20171707
20171703,20171700
20171705,20171707
20171701,20171705
20171702,20171704
20171708,20171705
20171708,20171702
20171702,20171706
20171708,20171706
20171703,20171701
20171700,20171701
20171700,20171707
20171703,20171706
20171702,20171700
20171704,20171700
20171704,20171703
20171703,20171705
20171704,20171701
20171704,20171707
20171708,20171701
20171703,20171702
20171708,20171707
20171703,20171707
20171701,20171702
20171704,20171706
20171705,20171702
20171701,20171706
20171700,20171706
20171705,20171704
20171708,20171700
20171708,20171704
1
timeout:2
